Rock	1	1.00 150 300 0
Rock	2	1.00 150 300 10
Rock	2	1.10 150 300 20	
Rock	2	1.10 170 300 30
Rock	3	1.20 170 280 40

Sharp_Rock	4	1.25	180	340	60
Sharp_Rock	4	1.35	180	340	80
Sharp_Rock	5	1.35	180	340	100
Sharp_Rock	5	1.35	200	320	130
Sharp_Rock	6	1.45	200	300	160
						
SlingShot	6	2.25	220	220	200
Slingshot	6	2.40	220	220	250
Slingshot	7	2.40	220	220	300
Slingshot	7	2.40	240	220	350
Slingshot	7	2.40	240	200	400
Slingshot	8	2.50	240	200	450
Slingshot	8	2.50	255	200	500
Slingshot	9	2.60	255	190	550
Slingshot	10	2.65	260	180	600
						
Knife	10	2.40	280	500	700
Knife	11	2.40	280	500	800
Knife	11	2.55	280	500	900
Knife	12	2.55	295	480	1000
Knife	13	2.60	295	470	1100
Knife	15	2.65	305	450	1200
						
Bow	16	3.75	450	700	1400
Bow	16	3.90	450	700	1600
Bow	17	3.90	470	700	1800
Bow	17	3.90	500	700	2000
Bow	18	4.05	500	680	2200
Bow	19	4.20	510	680	2400
Bow	20	4.20	530	660	2600
Bow	22	4.50	530	650	2800
Bow	23	4.65	540	640	3000
Bow	24	4.80	550	630	3300
Bow	26	5.25	550	600	3600
						
Crossbow	28	6.25	650	900	4000
Crossbow	29	6.25	650	900	4400
Crossbow	29	6.40	670	900	4800
Crossbow	30	6.40	670	860	5200
Crossbow	31	6.55	690	860	5600
Crossbow	32	6.70	690	820	6000
Crossbow	33	7.00	710	820	6500
Crossbow	34	7.00	720	780	7000
Crossbow	35	7.30	720	760	7600
Crossbow	38	7.60	750	720	8200
						
AK__47	8	12.00	600	120	10000
AK__47	8	12.00	600	120	0